    38     -6     30     -4    -20     21    -38    -24      0    -10 
    24     32     23     16    -23    -16    -26    -11    -19    -16 
    37     37    -13      1    -46     50     34      2    -41     12 
    27    -16     -6      1      6     -4     39     17     -1     42 
     5      8     28    -50     29     -5     42    -10    -29     34 
   -45     31    -19    -45     48      1     43     36    -13     50 
     5    -29    -23     39    -49      5     30     10     44     44 
    40     18    -18      4    -43     17    -42     -3     48     -1 
    -2     50    -20    -44    -27      3     13     -7      3     38 
    34     29     13     -4     19    -29    -32     43     47     28 
